60149.957146
34837.0677476
74005.5365331
55214.0831214

25814.7373396
14740.3206985
31924.2970297
31524.8400816

14367.1013611
8190.59201624
17736.7182696
18395.5623481

14730.8756435
8412.12981184
18124.1418503
7793.53823903

14473.4512051
8228.17209321
17880.5424279
5799.33698181

14624.1357548
8317.00726208
17839.3160185
5897.51823433




59878.7744245
34673.8301237
73588.5366144
54940.2033217

25893.9356691
14781.1846757
31683.9698479
32332.8162311

9373.39963163
5228.60420733
11464.4037407
21317.829259

8423.85502635
4703.99804473
10253.2114287
10216.3808762

8348.51732565
4814.04395217
10245.6146285
3515.86233915

7814.97881356
4526.85443342
9577.40727003
3194.16136792




58651.1340287
33988.150059
70863.5006477
56482.4238219

25526.8391213
14644.8513063
30885.2338971
33239.5840821

9015.71985378
5395.48346999
11053.1071736
21211.6632875

3288.00225772
1791.19242606
4006.13431732
12798.0418525

3166.32927598
1847.12274461
3868.29053854
4793.42974865

3184.16947789
1810.96928633
3845.10911285
1296.27732754



59565.1716391
34521.0234486
72845.0323661
55361.5700804

26147.5640449
15033.600392
32191.4900491
32298.5719895

9102.52035244
5243.16632494
11094.7822845
21624.5260627

462.645453007
375.877465793
568.725381209
14369.0624328

131.12925631
77.3927551703
160.883399151
6517.84371456

100.512650573
46.8518598914
123.459326163
832.8150479




59689.8981506
34418.5267945
72558.5542229
56035.4969637

25620.6760963
14892.4084288
31319.2209974
32179.9528651

9362.00846945
5387.47689641
11488.7899035
21469.9993177

532.332141563
5387.477242401
655.732450528
14517.6199411

113.761739763
77.1871163953
139.192024904
6493.12870933

86.2641747573
45.0266341682
105.150414201
834.599250488


z=[[60149.95,59878.77,58651.13,59565.17,59689.89];[25814.73,25893.93,25526.83,26147.56,25620.67];[14367.10,9373.39,9015.71,9102.52,9362.00];[14730.87,8423.85,3288.00,462.64,532.33];[14473.45,8348.51,3166.32,131.12,113.76];[14624.13,7814.97,3184.16,100.51,86.26]]