原始：A:8 B:3-1
45.9903559894
543.451925645
0.167916029237
0.0200335105995
2944326.775
358646792.748
26.0335728598
70.6755980802

1. A:8 B:6-2
241.088009333
1118.62372844
0.208286444444
0.02036
69164846.635
2336488108.77
72.6259654185
71.80369344

81129.1134667
54263.4416506
20898
35854.4517459

14

2. A:8 B:9-3
242.664385778
435.347649778
0.352197333333
0.01964
69774447.3932
602739460.227
592.544538214
69.31537344

40526.3620267
30227.5269244
6692
11793.926615

22

3. A:8 B:12-4
240.845229778
138.464590222
0.393852888889
0.0196502222222
70075567.9121
130339503.098
924.734793557
69.4627808931

22864.6378533
16782.7170223
1992
3611.84578851

29

4: A:8 B:15-5
239.402575778
30.37372
0.389118888889
0.0196755555556
67631320.6163
6245677.26314
898.289591782
69.5380477155

15877.1822133
9292.04445332
300
555.268403567

37

5: A:8 B:18-6
240.629004
1.12724511111
0.295904666667
0.0203597777778
69085381.8861
3439.12980078
357.832888348
71.8605926825

14182.0314
8197.68647885
5
10.0995049384

39

6: A:8 B:21-9
238.464085778
0.743089333333
0.247572444444
0.0207077777778
67854826.8032
908.80687367
192.872011773
73.3207965822

14355.8768933
8358.42405694
1
3.0

39

/*  A = 9  */
1： A:9 B:6-2
136.527758222
1212.90243756
0.315912
0.0195095555556
22424972.1612
2503784909.12
408.286323055
68.8760114047

81120.6068667
54224.4444856
22621
38793.1078157

14

2：A:9 B:9-3
134.785924667
534.871762
0.355718444444
0.0204453333333
21598257.4422
681244377.338
628.382557815
72.1208380415

39980.0611733
29510.8264551
7862
13836.7058941

22

3：A:9 B:12-4
137.789313556
194.552541111
0.382022444444
0.0199024444444
23326927.0006
224349183.644
876.40948032
70.4117337384

20162.4460267
17686.3334508
2808
5078.57352019

29

4：A:9 B:15-5
142.416166667
73.1893446667
0.380096222222
0.0195773333333
22877327.7042
37119897.1181
756.700236002
69.3271808704

12647.4297067
9248.25752187
875
1627.33555237

37

5: A:9 B:18-6
138.389142667
5.78188088889
0.388498444444
0.0194986666667
23292456.147
233923.302912
835.649331191
68.914940527

8151.62158667
4612.42448395
52
102.528044944

43

6: A:9 B:21-7
132.645391333
0.945845333333
0.282382
0.0200651111111
21680283.6303
1799.19783282
312.33520854
70.8935820713

8379.86194667
4756.98180779
4
8.71779788708

44

/* A=10 */
1:A:10 B:6-2
46.0947615556
1305.39362044
0.315725555556
0.0203733333333
2306162.69672
2878210053.58
414.404051516
71.84973824

81330.67656
54693.8024831
23687
40622.3040705

14

2:A:10 B:9-3
57.186284
617.478528667
0.350564444444
0.020002
4068876.36223
804131919.44
588.256506382
70.6404719856

40142.4839733
29798.0289262
8262
14568.1334426

22

3:A:10 B:12-4
50.8570424444
279.820837111
0.366019555556
0.0192993333333
3362100.02853
295995435.771
684.32913249
68.1626086384

20380.5686933
18329.6781044
3379
6113.46096741

29

4:A:10 B:15-5
48.5101431111
119.337908222
0.389963111111
0.0196477777778
2923393.29512
95726376.6769
858.863419101
69.4978600488

9781.01301333
10068.3205066
1157
2153.47300889

36

5:A:10 B:18-6
52.3595622222
35.557196
0.385784
0.0206893333333
2646986.92131
9250891.2638
843.346832572
73.4571853504

5759.8788
4363.88237501
250
488.401474199

43

6:A:10 B:21-7
52.1249168889
1.74171288889
0.336123111111
0.0199291111111
3567739.24366
15010.096179
537.130728371
70.7382565759

3216.32225333
1824.2750239
12
24.0831891576

49

/* A=11 */
1:A:11 B:6-2
0.878793777778
1357.08482356
0.309718444444
0.0198666666667
1642.6356261
2975712184.04
390.245759949
70.099136

81328.63516
54060.2032485
24115
41380.0679796

15

2:A:11 B:9-3
0.798457555556
666.229852222
0.355288666667
0.0199391111111
1296.36440845
847733060.523
635.280334684
70.4454746531

40437.4422667
29486.7643883
8722
15373.6286543

22

3:A:11 B:12-4
0.698829555556
325.871026889
0.389071777778
0.019736
910.241641549
307920032.985
879.667972919
69.7192050943

19564.7858667
17866.3345213
3526
6395.18897297

29

4:A:11 B:15-5
0.550875333333
136.039709556
0.386757111111
0.0201311111111
566.29784165
121887956.092
836.382799885
71.3210314488

8073.42552
10883.3231012
1554
2885.9863132

36

5:A:11 B:18-6
0.697916888889
58.66808
0.403084222222
0.0192375555556
1456.74493833
23656381.5002
1001.7060086
68.3673125758

3873.24166667
5260.394038
618
1172.45468996

44

6:A:11 B:21-7
0.747858444444
9.72142777778
0.383009111111
0.0203413333333
1385.1477428
697746.874088
804.988488234
72.337361903

665.939853333
941.039873924
49
96.3068014213

52


/* A=12 */
1:A:12 B:6-2
0.253569111111
1357.70479422
0.308522666667
0.0196266666667
38.5138612052
3000708792.49
375.070324284
69.2692582401

81256.7713333
54966.3000279
24470
41963.4639657

14

2:A:12 B:9-3
0.256127555556
669.486566444
0.350658
0.0202924444444
47.7583776931
878003731.892
610.970881329
71.6347801146


40158.65536
29345.9833619
8628
15216.5217116

22

3:A:12 B:12-4
0.251050222222
328.320568
0.371227111111
0.0201155555556
38.2642959865
326012896.913
777.29390178
71.0024852622

19856.5743867
17918.5766632
3612
6545.66169306

29

4:A:12 B:15-5
0.259576444444
142.713721556
0.392021111111
0.0192786666667
47.1400368292
131236894.906
880.236294396
68.2421588416

8306.79252
11047.8043368
1581
2939.59112803

36

5:A:12 B:18-6
0.243246888889
63.6972762222
0.386466
0.0192193333333
31.2637037652
27389557.9492
830.991297705
68.3998086812

3825.64170667
5190.88808871
713
1347.35518702

44

6:A:12 B:21-7
0.257092666667
9.27735266667
0.403660888889
0.0205815555556
48.6535520197
594243.644821
968.97481908
73.2644917887

787.205973333
1037.08309723
95
189.523085665

50

x=[8,9,10,11,12]
y=[2,3,4,5,6,7]
z=[[241.08,136.52,46.09,0.87,0.25];[242.66,134.78,57.18,0.79,0.25];[240.84,137.78,50.85,0.69,0.25];[239.40,142.41,48.51,0.55,0.24];[240.62,138.38,52.35,0.69,0.24];[238.46,132.64,52.12,0.74,0.25]]

z=[[1118.62,1212.90,1305.39,1357.08,1357.70];[435.34,534.87,617.47,666.22,669.48];[138.46,194.55,279.82,325.87,328.32];[30.37,73.18,119.33,136.03,142.71];[1.12,5.78,35.55,58.66,63.69];[0.74,0.94,1.74,9.72,9.27]]

z=[[8316,4735,1518,40,6];[8353,4647,2017,36,7];[8371,4829,1833,30,6];[8223,4783,1709,23,7];[8311,4826,1627,38,5];[8237,4656,1888,37,7]]

z=[[48337,50037,53648,54550,54778];[24550,26100,28357,29115,29631];[11416,14978,17204,17547,18055];[2499,6092,9783,11040,11455];[58,483,3041,4863,5233];[30,42,122,835,770]]


A:0.91 B:0.91
吞吐：49
平均时长：1070
标准差：1447

A:1.1 B:1.1
42
5071
6919

B:0.91
50
877
1179

B:1.1
41
4853
6711
